 Type of function:    3
 Num of variables:    2
 Tolerance on X  :    0.10E-06
 Tolerance on G  :    0.10E-09

 X0   =   2.00000  15.00000
 
 Cyc:    1  X:   1.39384  15.00024   F: 0.10229156      G: 0.386     0.483E-02
 Cyc:    2  X:   1.18519  14.99763   F: 0.40930483E-01  G: 0.186     0.672E-02
 Cyc:    3  X:   0.99095  14.98673   F: 0.30801459E-01  G:-0.102     0.854E-02
 Cyc:    4  X:   1.05947  14.98267   F: 0.27810822E-01  G: 0.132E-01 0.789E-02
 Cyc:    5  X:   1.05188  14.97507   F: 0.27695635E-01  G: 0.126E-02 0.796E-02
 Cyc:    6  X:   1.04589  14.95572   F: 0.27561736E-01  G:-0.815E-02 0.801E-02
 Cyc:    7  X:   1.03418  14.87895   F: 0.27145563E-01  G:-0.265E-01 0.810E-02
 Cyc:    8  X:   1.01608  14.66280   F: 0.26114989E-01  G:-0.548E-01 0.823E-02
 Cyc:    9  X:   0.98559  14.04373   F: 0.23367478E-01  G:-0.102     0.834E-02
 Cyc:   10  X:   0.93816  12.44117   F: 0.16777704E-01  G:-0.171     0.779E-02
 Cyc:   11  X:   0.89666   9.64425   F: 0.92017460E-02  G:-0.190     0.161E-02
 Cyc:   12  X:   0.93966  10.05412   F: 0.34302420E-02  G:-0.114     0.204E-02
 Cyc:   13  X:   0.99528   9.69604   F: 0.20544077E-03  G: 0.117E-02-0.140E-02
 Cyc:   14  X:   1.00344  10.13391   F: 0.38571802E-04  G: 0.209E-02 0.518E-03
 Cyc:   15  X:   1.00011  10.00851   F: 0.15457950E-06  G:-0.601E-04 0.371E-04
 Cyc:   16  X:   0.99999   9.99978   F: 0.11704000E-09  G:-0.687E-05-0.821E-06
 Cyc:   17  X:   1.00000  10.00000   F: 0.46943594E-13  G:-0.402E-06 0.712E-08
 Cyc:   18  X:   1.00000  10.00000   F: 0.10157682E-15  G:-0.147E-07 0.496E-09
 Cyc:   19  X:   1.00000  10.00000   F: 0.46424244E-17  G:-0.147E-07 0.496E-09
 Test on X satisfied


 Optimization results:
 Iter   =         19
 X      =    1.00000  10.00000
 F      =    0.00000
 G      =   -0.00000   0.00000
 F calls=        181
 G calls=         20
